sequential.dat <-
structure(list(rs11635365 = c(1.999, 0.9996, 1.0003, 0, 1.0001, 
1.0663, 1, 2, 0.0021, 0, 0, 0.9985, 0.9996, 0.9995, 0.9994, 1, 
0.9747, 0.9993, 0, 1.0004, 0.9999, 1.0004, 0.9991, 0, 6e-04, 
1.9999, 0.0063, 0.9935, 1, 1.0005, 1, 1.9982, 1.0007, 0, 2, 0.9991, 
0, 0, 0.9812, 0.0226, 1.0108, 0.9999, 0.9978, 0.9999, 7e-04, 
1.8705, 0.9979, 0.0213, 0, 1.001, 0.001, 1, 0.9999, 1.1929, 1.0015, 
1.9996, 1, 1, 0.9999, 0, 2, 0.0016, 0.9994, 0, 1e-04, 0.9924, 
0.9991, 1, 0, 1e-04, 6e-04, 0.9997, 2e-04, 0.9907, 2, 0.9994, 
0.0108, 1.9999, 1.9999, 3e-04, 1.9993, 1.009, 0.0014, 0.0033, 
0.9999, 7e-04, 0, 1, 1, 5e-04, 0.9999, 1.9999, 1.9999, 1.0004, 
1.9885, 1.0007, 0.9991, 1e-04, 0.0094, 1e-04, 0.002, 2, 1.9989, 
0.0045, 0.0015, 0.9994, 0, 0.0019, 0.9998, 0, 2e-04, 2, 0.9999, 
0.9901, 2, 0.0093, 1.0007, 0, 1.9999, 1.0054, 0.9933, 0.9964, 
0, 0.9994, 0.0039, 1.9996, 1, 0, 1, 1.0026, 1, 0.9999, 1.0022, 
1.0005, 0.0221, 0.9759, 0.0012, 2e-04, 0, 0, 0.0099, 1.0004, 
1.0001, 1.0035, 1.0003, 1.0089, 6e-04, 0.9396, 3e-04, 1, 1.9993, 
0.9993, 0.0291, 0.9996, 0.0017, 1.9947, 1.0004, 0, 1.0001, 1.0019, 
1.9983, 0, 1, 1.0005, 1.0001, 1.9995, 1, 1.003, 0.9997, 1.9997, 
0, 7e-04, 0.9974, 0.9993, 0.9949, 0.0013, 0.0186, 0.9993, 0.0018, 
1.0003, 1.9999, 1.002, 0, 1.0012, 0.9999, 1.4107, 0, 1, 0.9865, 
0.0043, 0.0021, 0.9993, 0.998, 1, 2, 0.9996, 1, 1.9989, 0.004, 
0.999, 1.9888, 0.9304, 0.9991, 1.0079, 0.9993, 0.0023, 5e-04, 
1, 2e-04, 6e-04, 1, 1.9963, 0.9993, 1.0005, 1.9997, 1.9984, 0.001, 
0.9999, 0.004, 1e-04, 1.9999, 1e-04, 1, 1.0007, 1.9993, 0.0056, 
0.999, 1.9993, 0.9994, 1.0003, 4e-04, 9e-04, 0, 0.0095, 1.0051, 
0.9857, 1, 0.0017, 1, 0.0487, 1, 1, 1.0001, 1.999, 4e-04, 0.9995, 
1, 5e-04, 0.0016, 0.9895, 0.9999, 0.0041, 0.0065, 1.0009, 0.0027, 
6e-04, 1.986, 1.632, 0.9997, 1.9999, 1.0015, 0.9532, 0.9991, 
0.9972, 1.9988, 1, 1.0091, 0.0014, 4e-04, 1e-04, 1, 1e-04, 0, 
2, 0.9999, 6e-04, 0.9997, 1.9997, 0.9999, 1.9986, 1.0008, 1.0104, 
0.0054, 1, 7e-04, 0.9992, 0.0019, 0.0113, 0.9976, 1, 2, 4e-04, 
0.0014, 1.9923, 1, 1e-04, 1.9992, 1.9806, 0.9993, 1.9991, 0.9993, 
1.0005, 1.0001, 0.009, 2, 0.9999, 1.0005, 0.9962, 6e-04, 0, 0.9755, 
0, 4e-04, 7e-04, 0.9991, 1.0001, 0, 0.9897, 0.001, 7e-04, 0.0028, 
0.9999, 1.0002, 1, 5e-04, 1.0023, 0.9993, 1.9925, 0.9676, 0, 
0, 1.0005, 1e-04, 1, 1, 0.003, 0.0093, 0.001, 1.0218, 0.0119, 
1, 2, 1e-04, 1e-04, 0, 1.9997, 0.9992, 2e-04, 5e-04, 1.0003, 
0.0017, 0.0017, 0.9837, 2, 1, 1.0048, 0.0027, 5e-04, 1.0004, 
1.9991, 0.0013, 0.0089, 0.9999, 0.9994, 1.001, 0.9935, 0.9995, 
1, 0.7503, 0, 1.9999, 7e-04, 0.9993, 0, 0.9926, 1e-04, 1.0017, 
0.0091, 1.0001, 0.9993, 1, 0.0213, 0.9992, 1e-04, 1.9984, 1e-04, 
0.0025, 7e-04, 0.9993, 0, 0.9993, 2, 0.9991, 0.9992, 0.9999, 
1.001, 0.0047, 4e-04, 0.9986, 0.0015, 0.9911, 1.0005, 0.9991, 
1, 1.2143, 0, 1, 0.9992, 0.0025, 2e-04, 1.0001, 1e-04, 2e-04, 
0.0022, 2, 0.0011, 1.9982, 1, 1e-04, 0, 1.0049, 0.0688, 1.9997, 
1, 1, 9e-04, 9e-04, 1.9671, 0.0157, 0.9985, 1, 1, 1, 1.0009, 
0.0207, 1.9997, 1.0004, 0.0574, 0.9892, 2, 9e-04, 4e-04, 0, 0.9997, 
1e-04, 1.0414, 0.0122, 0.9997, 0.9975, 6e-04, 0.0038, 1.9997, 
0.9993, 1.0017, 1.0007, 0.0048, 1e-04, 1, 0.9993, 0, 0.9915, 
7e-04, 0.9991, 0.9977, 1.9992, 1.9993, 0.9989, 0.9853, 0.9936, 
0.9999, 1.0006, 1.0001, 7e-04, 8e-04, 0, 6e-04, 0, 1, 0.9955, 
8e-04, 1.9694, 0, 1.9986, 0.0109, 2, 0, 1, 0.001, 1.003, 0.9993, 
1.9995, 4e-04, 0.9993, 1.9983, 1, 1, 0, 0.1486, 0.003, 8e-04, 
1, 1.0091, 0.9993, 1, 1.99, 0.9954, 1, 0, 0.9983, 0.9954, 0.0042, 
0.0188, 0.0276, 1.9415, 0, 1.9709, 0.0099, 0.0119, 1, 0.0183, 
0.0167, 0.0148, 0.0422, 0.0539, 0.9983, 0.0263, 1.005, 0.9911, 
1.5953, 0.0032, 0.9975, 0.0011, 0.8876, 0.0497, 1.9927, 1.9956, 
0.0076, 0.0091, 0.0101, 0.9956, 0.9613, 0, 0.9692, 0.015, 1.891, 
1.9882, 0.0164, 0.0167, 0.0158, 1, 0.9722, 0.0026, 2e-04, 0.0134, 
1.001, 1.0116, 0.9379, 0.0259, 0.9949, 0.9367, 0.9544, 1.9982, 
6e-04, 0.5655, 0.9361, 1.0014, 0.9624, 0.9966, 1.1234, 0.01, 
0.9957, 1.0185, 0.0044, 0.002, 0.0014, 0.0047, 0.5147, 1.9987, 
1.9984, 1.9942, 1.8275, 0.0015, 0.0145, 1.0048, 0.0097, 0.9528, 
1.9916, 1.002, 0.8691, 1.8231, 0.0106, 1.9884, 1.8558, 0.0034, 
0, 0.0206, 1.9226, 1.9934, 6e-04, 4e-04, 0, 6e-04, 2e-04, 0.9268, 
0.0272, 0.995, 0.9754, 0.7007, 1.9897, 1.9512, 1.6406, 0.0012, 
0.1123, 1.9459, 0.9976, 0.01, 1.8866, 0.9991, 1.8668, 0.0687, 
1.8061, 0.9996, 0.9985, 1.0199, 4e-04, 0.0123, 1.9998, 1.6393, 
1e-04, 0.0063, 0, 0.9976, 1.9942, 1.9735, 0.9985, 0.9954, 9e-04, 
0.013, 0.2328, 1.8843, 0.5141, 0.8957, 1.9981, 1.9997, 0.8403, 
1.0026, 0.0015, 0.0034, 0.0018, 1.0094, 1.006, 1.0199, 0.5846, 
0.7688, 0, 0.9207, 2e-04, 0.9955, 0.9992, 1.0112, 0.9933, 1.1184, 
0.0295, 1.0013, 0.8912, 0.9736, 0.9984, 0.0131, 1.1953, 0.025, 
0, 0.959, 0.0021, 0.0107, 1.0011, 0.0178, 7e-04, 1.9937, 0.9978, 
0.9789, 0.0121, 1.9953, 1.0166, 0.0111, 1.9369, 0.9127, 1.3699, 
0.9985, 0.9919, 1.3339, 0.0012, 0.9993, 0.9281, 0.0012, 0.0093, 
1.9946, 0.0033, 0.9988, 0.9984, 0.0011, 0.9881, 0.0202, 1.9946, 
1e-04, 1.9772, 1.0003, 0.9929, 0.9954, 0.1132, 1.9569, 2e-04, 
0.0297, 0.0023, 1e-04, 1.0114, 1.0115, 0.002, 1.0074, 0.9854, 
0, 0.0172, 0.0149, 1.0035, 0.0018, 0.0124), HRSD1 = c(2, 2, 2, 
0, 0, 2, 2, 0, 2, 0, 0, 2, 0, 0, 0, 2, 0, 0, 0, 2, 2, 0, 0, 2, 
0, 2, 2, 2, 0, 0, 2, 2, 2, 2, 2, 1, 2, 2, 0, 0, 2, 2, 2, 2, 0, 
2, 0, 1, 0, 2, 0, 0, 2, 2, 0, 2, 2, 1, 2, 0, 2, 0, 2, 2, 2, 2, 
2, 2, 0, 2, 0, 2, 0, 0, 0, 0, 0, 2, 0, 0, 2, 1, 2, 0, 0, 2, 2, 
0, 0, 2, 2, 2, 0, 2, 2, 0, 2, 2, 0, 0, 0, 2, 2, 1, 1, 2, 0, 0, 
0, 0, 2, 2, 2, 0, 2, 2, 2, 2, 0, 0, 2, 0, 2, 0, 0, 2, 2, 2, 2, 
2, 0, 0, 2, 0, 2, 2, 2, 0, 2, 2, 0, 0, 2, 0, 0, 0, 2, 2, 2, 2, 
1, 1, 2, 2, 2, 2, 2, 0, 0, 2, 1, 2, 0, 2, 2, 2, 2, 2, 2, 2, 2, 
1, 2, 0, 2, 2, 2, 0, 0, 0, 2, 2, 0, 2, 2, 2, 2, 2, 2, 0, 0, 0, 
0, 2, 2, 2, 0, 0, 2, 2, 1, 2, 2, 0, 2, 0, 2, 0, 1, 0, 2, 2, 2, 
2, 0, 0, 0, 2, 2, 2, 2, 2, 0, 0, 1, 2, 0, 0, 2, 0, 2, 0, 0, 0, 
0, 2, 0, 0, 0, 2, 2, 2, 2, 2, 0, 2, 2, 2, 0, 2, 0, 0, 2, 0, 2, 
2, 0, 2, 1, 2, 0, 1, 0, 2, 2, 2, 1, 0, 0, 2, 2, 0, 2, 1, 2, 2, 
2, 2, 2, 2, 2, 2, 2, 1, 0, 0, 2, 0, 0, 2, 2, 2, 0, 2, 0, 0, 2, 
0, 0, 2, 0, 2, 2, 2, 1, 0, 2, 2, 2, 2, 0, 2, 1, 1, 2, 0, 2, 2, 
2, 2, 2, 2, 2, 2, 1, 2, 2, 0, 2, 2, 0, 0, 2, 2, 0, 2, 2, 2, 2, 
0, 2, 2, 0, 2, 0, 2, 2, 2, 0, 2, 0, 0, 2, 1, 2, 2, 2, 0, 2, 2, 
1, 0, 0, 1, 2, 2, 2, 2, 0, 0, 0, 2, 2, 2, 2, 0, 2, 1, 2, 2, 2, 
2, 0, 0, 0, 0, 2, 2, 1, 2, 2, 2, 0, 2, 2, 2, 0, 2, 1, 2, 2, 0, 
2, 2, 2, 0, 0, 2, 0, 0, 0, 0, 0, 2, 1, 0, 0, 1, 2, 2, 0, 2, 0, 
2, 0, 2, 2, 2, 0, 2, 0, 2, 1, 0, 2, 1, 0, 0, 2, 2, 1, 2, 0, 2, 
0, 1, 2, 2, 1, 2, 0, 2, 2, 1, 2, 2, 2, 1, 2, 2, 0, 2, 2, 2, 1, 
0, 2, 2, 0, 2, 2, 0, 0, 0, 2, 0, 0, 2, 2, 2, 2, 0, 1, 0, 2, 0, 
2, 1, 0, 0, 0, 2, 0, 2, 2, 2, 0, 2, 2, 1, 0, 2, 2, 2, 2, 0, 2, 
2, 2, 2, 2, 0, 0, 2, 2, 0, 2, 2, 2, 0, 0, 1, 2, 0, 2, 0, 2, 2, 
2, 2, 2, 2, 2, 0, 0, 2, 1, 2, 2, 1, 0, 0, 2, 2, 2, 1, 1, 0, 0, 
0, 2, 1, 2, 2, 2, 2, 0, 2, 0, 2, 0, 0, 0, 1, 0, 2, 0, 2, 2, 2, 
2, 2, 2, 0, 0, 2, 2, 0, 2, 2, 2, 1, 1, 0, 1, 0, 0, 0, 2, 2, 0, 
2, 2, 2, 2, 0, 0, 2, 2, 2, 0, 0, 1, 0, 2, 2, 0, 2, 1, 2, 2, 2, 
2, 0, 2, 2, 0, 0, 2, 2, 0, 0, 2, 2, 1, 0, 0, 0, 0, 2, 0, 1, 0, 
2, 0, 2, 2, 2, 1, 1, 1, 2, 1, 1, 0, 0, 0, 1, 0, 2, 2, 2, 2, 0, 
2, 2, 2, 0, 2, 0, 0, 2, 2, 1, 2, 2, 1, 2, 2, 0, 2, 0, 2, 2, 2, 
2, 2, 2, 1, 2, 0, 2, 2, 0, 0, 2, 0, 0, 2, 2, 1, 0, 0, 0, 2, 2, 
0, 0, 0, 0, 2, 2, 0, 1, 2, 0, 2, 2, 2, 2, 0, 1, 2, 1, 2, 2, 2, 
0, 2, 2, 0, 2, 2, 2, 0),